{
 "cells": [
  {
   "cell_type": "markdown",
   "metadata": {
    "cell_id": "00000-0bc8b7b3-4dc6-499b-b797-2646f2191a08",
    "deepnote_cell_type": "markdown",
    "output_cleared": false
   },
   "source": [
    "# Machine Learning Project: Logistic Regression"
   ]
  },
  {
   "cell_type": "markdown",
   "metadata": {
    "cell_id": "00001-9dddf82a-9438-4ffa-8954-52ced0c4dada",
    "deepnote_cell_type": "markdown",
    "output_cleared": false
   },
   "source": [
    "For this project, we will reuse much of the functions and logic of our previous work on linear regression (https://github.com/iv-stpn/linear-regression-examples).\n",
    "\n",
    "Like last time, first of all, we create a cell for all the libraries we will need to import for our project. We will use pandas to import and manipulate data easily through DataFrames, NumPy for linear algebra & complex operations over lists, Matplotlib for displaying 2D plots, Seaborn for displaying correlation heatmaps, scikit-learn for model engineering & some extra utilities."
   ]
  },
  {
   "cell_type": "markdown",
   "metadata": {},
   "source": [
    "<style>\n",
    ".output_wrapper, .output {\n",
    "    height:auto !important;\n",
    "    max-height:1000px;  /* your desired max-height here */\n",
    "}\n",
    ".output_scroll {\n",
    "    box-shadow:none !important;\n",
    "    webkit-box-shadow:none !important;\n",
    "}\n",
    "</style>"
   ]
  },
  {
   "cell_type": "code",
   "execution_count": 99,
   "metadata": {
    "cell_id": "00000-a03b9921-f6f5-412f-a622-9a86cf7e2ef6",
    "deepnote_cell_type": "code",
    "execution_millis": 1589,
    "execution_start": 1607477916696,
    "output_cleared": false,
    "scrolled": false,
    "source_hash": "5fdfd9ed",
    "tags": []
   },
   "outputs": [],
   "source": [
    "import time\n",
    "from math import sqrt\n",
    "\n",
    "import numpy as np\n",
    "import seaborn as sns\n",
    "import pandas as pd\n",
    "import matplotlib.pyplot as plt\n",
    "\n",
    "from sklearn import linear_model\n",
    "from sklearn.decomposition import PCA\n",
    "from sklearn.tree import DecisionTreeRegressor,DecisionTreeClassifier\n",
    "from sklearn.ensemble import GradientBoostingRegressor, GradientBoostingClassifier\n",
    "from sklearn.ensemble import RandomForestRegressor, RandomForestClassifier\n",
    "\n",
    "from sklearn.tree import plot_tree\n",
    "from sklearn.tree import export_graphviz\n",
    "from sklearn.preprocessing import MinMaxScaler\n",
    "from sklearn.preprocessing import PolynomialFeatures\n",
    "from sklearn.model_selection import train_test_split\n",
    "from sklearn.metrics import mean_absolute_error, mean_squared_error, r2_score, confusion_matrix, f1_score, precision_score, recall_score\n",
    "\n",
    "import tensorflow as tf\n",
    "import warnings"
   ]
  },
  {
   "cell_type": "markdown",
   "metadata": {
    "cell_id": "00003-9e955123-f3aa-4a0c-a9c7-f06a7f66e82e",
    "deepnote_cell_type": "markdown",
    "output_cleared": false
   },
   "source": [
    "We set some parameters to increase the height of Matplotlib figures, pandas print outputs so they can be displayed properly in the notebook and to assure that DeprecationWarnings will not be displayed."
   ]
  },
  {
   "cell_type": "code",
   "execution_count": 100,
   "metadata": {
    "cell_id": "00004-a67a7154-588b-4676-9d22-8557bf99f514",
    "deepnote_cell_type": "code",
    "execution_millis": 2,
    "execution_start": 1607456265773,
    "output_cleared": false,
    "scrolled": false,
    "source_hash": "1a3144b1"
   },
   "outputs": [],
   "source": [
    "from pylab import rcParams\n",
    "rcParams['figure.figsize'] = 20, 5\n",
    "\n",
    "pd.set_option('display.max_rows', 500)\n",
    "pd.set_option('display.max_columns', 30)\n",
    "pd.set_option('display.width', 1000)\n",
    "\n",
    "warnings.filterwarnings(\"ignore\", category=DeprecationWarning) "
   ]
  },
  {
   "cell_type": "markdown",
   "metadata": {
    "cell_id": "00005-f53a7451-f6af-49af-bdfa-f7c54b76127c",
    "deepnote_cell_type": "markdown",
    "output_cleared": false
   },
   "source": [
    "We create a function to display and analyse the results of our regressions feature-by-feature (with scatter plots & lines corresponding to the coefficients of each weight)."
   ]
  },
  {
   "cell_type": "code",
   "execution_count": 4,
   "metadata": {
    "cell_id": "00006-c1aec6dd-c029-46eb-b4a2-f615df9056e3",
    "code_folding": [],
    "deepnote_cell_type": "code",
    "execution_millis": 2,
    "execution_start": 1607456265787,
    "output_cleared": false,
    "scrolled": false,
    "source_hash": "f504ef3e"
   },
   "outputs": [],
   "source": [
    "def plot_weights_data_biasless(plt, X, y, w, title, same_scale = True):\n",
    "    intercept = w[0]\n",
    "    w = w[1:]\n",
    "    \n",
    "    n = len(w)\n",
    "    fig, axs = plt.subplots(2, n)\n",
    "    fig.suptitle(title, fontsize=20)\n",
    "    y_scale_line = (-1*((max(y)-min(y))/2), (max(y)-min(y))/2)\n",
    "    y_scale = (min(y), max(y))\n",
    "    \n",
    "    x_minimums = X.T.min(axis = 1)\n",
    "    x_maximums = X.T.max(axis = 1)\n",
    "    x_size = x_maximums - x_minimums\n",
    "    max_size = max(x_size)\n",
    "    \n",
    "    x = np.linspace(-100, 100, 100)\n",
    "    for i in range(n):\n",
    "        if same_scale:\n",
    "            diff_size = max_size - x_size[i]\n",
    "            x_scale = (x_minimums[i] - diff_size/2, x_maximums[i] + diff_size/2)            # We make it so all x scales are on the same scale\n",
    "            \n",
    "            if (n > 1):\n",
    "                axs[0][i].set_xlim(x_scale)\n",
    "                axs[0][i].set_ylim(y_scale)\n",
    "            else:\n",
    "                axs[0].set_xlim(x_scale)\n",
    "                axs[0].set_ylim(y_scale)\n",
    "\n",
    "            #axs[0][i].scatter(X[:, i], y, c=) \n",
    "            heatmap, xedges, yedges = np.histogram2d(np.concatenate((X[:, i], x_scale)),    # We add a point in the upper-left corner and upper-right corner of the heatmap\n",
    "                                                     np.concatenate((y, y_scale)), bins=50) # so all heatmaps will have the same edges and be displayed correctly\n",
    "        else:\n",
    "            heatmap, xedges, yedges = np.histogram2d(X[:, i], y, bins=50)\n",
    "        \n",
    "        extent = [xedges[0], xedges[-1], yedges[0], yedges[-1]]\n",
    "        \n",
    "        if (n > 1):\n",
    "            axs[1][i].set_xlim((-2, 2))\n",
    "            axs[1][i].set_ylim(y_scale_line)\n",
    "            axs[1][i].plot(x, w[i]*x, c=\"red\", linewidth=2)\n",
    "        else:\n",
    "            axs[1].set_xlim((-2, 2))\n",
    "            axs[1].set_ylim(y_scale_line)\n",
    "            axs[1].plot(x, w[i]*x, c=\"red\", linewidth=2)\n",
    "        \n",
    "    fig.tight_layout()"
   ]
  },
  {
   "cell_type": "markdown",
   "metadata": {
    "cell_id": "00007-7120cbc3-6e5b-4573-91de-57eaebc71d9e",
    "deepnote_cell_type": "markdown",
    "output_cleared": false
   },
   "source": [
    "# First Dataset: Analysis & Model Fitting of the Loan Approval Dataset\n",
    "\n",
    "The dataset can found in the project folder (loan_prediction.csv), and was originally used in an Analytics Vidhya practice problem (https://datahack.analyticsvidhya.com/contest/practice-problem-loan-prediction-iii/). It contains 12 variables and one output and only 615 rows."
   ]
  },
  {
   "cell_type": "code",
   "execution_count": 5,
   "metadata": {
    "cell_id": "00008-135d4fa7-468e-4066-ac05-883633a2664a",
    "code_folding": [],
    "deepnote_cell_type": "code",
    "execution_millis": 3,
    "execution_start": 1607456265792,
    "output_cleared": false,
    "scrolled": false,
    "source_hash": "2999f82c"
   },
   "outputs": [],
   "source": [
    "def load_data_csv(csv_path, drops=[]):\n",
    "    df = pd.read_csv(csv_path)  \n",
    "\n",
    "    for drop in drops:                               # We add an optional \"drops\" argument, telling which columns to drop as soon as the data is loaded\n",
    "        df = df.drop(drop, axis=1)\n",
    "    \n",
    "    return df"
   ]
  },
  {
   "cell_type": "code",
   "execution_count": 6,
   "metadata": {
    "cell_id": "00009-e7521a94-f804-4f6e-8af6-d56161caea69",
    "deepnote_cell_type": "code",
    "execution_millis": 3,
    "execution_start": 1607456265805,
    "output_cleared": false,
    "scrolled": false,
    "source_hash": "7d58a9fe",
    "tags": []
   },
   "outputs": [],
   "source": [
    "def put_nan_in_front(array):\n",
    "    idx = -1\n",
    "    if (array.dtype == \"object\"):\n",
    "        is_string = [type(value) == str for value in array]\n",
    "        if any(is_string):\n",
    "            idx = is_string.index(False) if False in is_string else -1\n",
    "        else:\n",
    "            idx = -1\n",
    "    else:\n",
    "        for dtype in (\"int64\", \"float64\"):\n",
    "            if array.dtype == dtype:\n",
    "                idx = np.argwhere(np.isnan(np.array(array, dtype=dtype)))\n",
    "                if idx.size == 0:\n",
    "                    idx = -1\n",
    "                break\n",
    "\n",
    "    array = [str(i) for i in array]\n",
    "    \n",
    "    if idx > 0:\n",
    "        array[int(idx)], array[0] = array[0], \"N/A\"\n",
    "    elif idx == 0:\n",
    "        array[0] = \"N/A\"\n",
    "    \n",
    "    return array\n",
    "\n",
    "def string_shortener(string, limit):\n",
    "    if len(string) > limit:\n",
    "        string = string[:limit-4] + \" ...\"\n",
    "    return string\n",
    "\n",
    "join = lambda array, delim: delim.join([str(i) for i in array])\n",
    "join_shorten = lambda array, delim, limit: string_shortener(join(array, delim), limit)\n",
    "join_shorten_ = lambda array: join_shorten(array, \" - \", 40)\n",
    "\n",
    "def unique_df(df):\n",
    "    number_unique = []\n",
    "    unique = []\n",
    "    unique_count_values = []\n",
    "    unique_count_proportions = []\n",
    "\n",
    "    for column in df.columns:\n",
    "        unique_column = df[column].unique()\n",
    "        unique_count = df.groupby(column)[\"Loan_ID\"].nunique()\n",
    "\n",
    "        n_unique_without_nan = len(unique_count.index)\n",
    "        unique_count = unique_count.values\n",
    "\n",
    "        if (len(unique_column) > n_unique_without_nan):\n",
    "            unique_count = np.concatenate([[len(df) - sum(unique_count)], unique_count])\n",
    "        \n",
    "        unique_column = put_nan_in_front(unique_column)\n",
    "        number_unique.append(len(unique_column))\n",
    "        unique.append(join_shorten_(unique_column))\n",
    "        unique_count_values.append(join_shorten_(unique_count))\n",
    "        unique_count_proportions.append(join_shorten_(map(lambda x: str(x) + \"%\", np.round(unique_count/sum(unique_count), 2))))\n",
    "\n",
    "\n",
    "    df_unique = pd.DataFrame(zip(df.columns, number_unique, [str(dtype) for dtype in df.dtypes], unique, unique_count_values, unique_count_proportions),\n",
    "                            columns = [\"Column names\", \"# Unique Values\", \"Data Type\", \"Unique values\", \"Unique value counts\", \"Unique value proportions\"])\n",
    "\n",
    "    df.set_index(\"Loan_ID\", inplace=True)\n",
    "    print(df.columns)\n",
    "    print()\n",
    "    print(\"Sample of 10 individuals from the dataset:\")\n",
    "    print()\n",
    "    print(df.sample(10))\n",
    "    print()\n",
    "    print(\"Unique values:\")\n",
    "    print()\n",
    "    print(df_unique)\n",
    "\n",
    "    return df_unique, df"
   ]
  },
  {
   "cell_type": "code",
   "execution_count": 7,
   "metadata": {
    "cell_id": "00010-dca514cf-88ce-425c-9da1-3cdbf97b605d",
    "deepnote_cell_type": "code",
    "execution_millis": 82,
    "execution_start": 1607456265810,
    "output_cleared": false,
    "scrolled": false,
    "source_hash": "cd5c2ede",
    "tags": []
   },
   "outputs": [
    {
     "name": "stdout",
     "output_type": "stream",
     "text": [
      "Index(['Gender', 'Married', 'Dependents', 'Education', 'Self_Employed', 'ApplicantIncome', 'CoapplicantIncome', 'LoanAmount', 'Loan_Amount_Term', 'Credit_History', 'Property_Area', 'Loan_Status'], dtype='object')\n",
      "\n",
      "Sample of 10 individuals from the dataset:\n",
      "\n",
      "          Gender Married Dependents     Education Self_Employed  ApplicantIncome  CoapplicantIncome  LoanAmount  Loan_Amount_Term  Credit_History Property_Area Loan_Status\n",
      "Loan_ID                                                                                                                                                                    \n",
      "LP002585    Male     Yes          0      Graduate            No             3597             2157.0       119.0             360.0             0.0         Rural           N\n",
      "LP002739    Male     Yes          0  Not Graduate            No             2917              536.0        66.0             360.0             1.0         Rural           N\n",
      "LP002757  Female     Yes          0  Not Graduate            No             3017              663.0       102.0             360.0             NaN     Semiurban           Y\n",
      "LP001478    Male      No          0      Graduate            No             2718                0.0        70.0             360.0             1.0     Semiurban           Y\n",
      "LP002785    Male     Yes          1      Graduate            No             3333             3250.0       158.0             360.0             1.0         Urban           Y\n",
      "LP002305  Female      No          0      Graduate            No             4547                0.0       115.0             360.0             1.0     Semiurban           Y\n",
      "LP002101    Male     Yes          0      Graduate           NaN            63337                0.0       490.0             180.0             1.0         Urban           Y\n",
      "LP001841    Male      No          0  Not Graduate           Yes             2583             2167.0       104.0             360.0             1.0         Rural           Y\n",
      "LP001003    Male     Yes          1      Graduate            No             4583             1508.0       128.0             360.0             1.0         Rural           N\n",
      "LP001123    Male     Yes          0      Graduate            No             2400                0.0        75.0             360.0             NaN         Urban           Y\n",
      "\n",
      "Unique values:\n",
      "\n",
      "         Column names  # Unique Values Data Type                             Unique values                       Unique value counts                  Unique value proportions\n",
      "0             Loan_ID              614    object  LP001002 - LP001003 - LP001005 - LP0 ...  1 - 1 - 1 - 1 - 1 - 1 - 1 - 1 - 1 -  ...  0.0% - 0.0% - 0.0% - 0.0% - 0.0% - 0 ...\n",
      "1              Gender                3    object                       N/A - Female - Male                            13 - 112 - 489                      0.02% - 0.18% - 0.8%\n",
      "2             Married                3    object                            N/A - Yes - No                             3 - 213 - 398                      0.0% - 0.35% - 0.65%\n",
      "3          Dependents                5    object                      N/A - 1 - 2 - 3+ - 0                 15 - 345 - 102 - 101 - 51     0.02% - 0.56% - 0.17% - 0.16% - 0.08%\n",
      "4           Education                2    object                   Graduate - Not Graduate                                 480 - 134                             0.78% - 0.22%\n",
      "5       Self_Employed                3    object                            N/A - Yes - No                             32 - 500 - 82                     0.05% - 0.81% - 0.13%\n",
      "6     ApplicantIncome              505     int64  5849 - 4583 - 3000 - 2583 - 6000 - 5 ...  1 - 1 - 1 - 1 - 1 - 1 - 2 - 1 - 1 -  ...  0.0% - 0.0% - 0.0% - 0.0% - 0.0% - 0 ...\n",
      "7   CoapplicantIncome              287   float64  0.0 - 1508.0 - 2358.0 - 4196.0 - 151 ...  273 - 1 - 1 - 1 - 1 - 1 - 1 - 1 - 1  ...  0.44% - 0.0% - 0.0% - 0.0% - 0.0% -  ...\n",
      "8          LoanAmount              204   float64  N/A - 128.0 - 66.0 - 120.0 - 141.0 - ...  22 - 1 - 1 - 2 - 1 - 2 - 1 - 1 - 2 - ...  0.04% - 0.0% - 0.0% - 0.0% - 0.0% -  ...\n",
      "9    Loan_Amount_Term               11   float64  N/A - 120.0 - 240.0 - 360.0 - 180.0  ...  14 - 1 - 2 - 2 - 4 - 3 - 44 - 4 - 13 ...  0.02% - 0.0% - 0.0% - 0.0% - 0.01% - ...\n",
      "10     Credit_History                3   float64                           N/A - 0.0 - 1.0                             50 - 89 - 475                     0.08% - 0.14% - 0.77%\n",
      "11      Property_Area                3    object                 Urban - Rural - Semiurban                           179 - 233 - 202                     0.29% - 0.38% - 0.33%\n",
      "12        Loan_Status                2    object                                     Y - N                                 192 - 422                             0.31% - 0.69%\n"
     ]
    }
   ],
   "source": [
    "df = load_data_csv(\"loan_prediction.csv\")\n",
    "df_unique, df = unique_df(df)"
   ]
  },
  {
   "cell_type": "markdown",
   "metadata": {
    "cell_id": "00010-8d0b15bb-073e-4a40-ba43-86eeabf30662",
    "deepnote_cell_type": "markdown",
    "output_cleared": false,
    "tags": []
   },
   "source": [
    "The \"Loan ID\" column, using unique identifiers for each row (individual) will serve as our index. The \"Loan Status\" column, indicating whether a given loan application was accepted or denied, will serve as our output feature; since it is a binary variable, we know that our prediction problem can be solved using a Binary Logistic Regression. We will showcase different types of Logistic Regression models to achieve the best prediction scores.\n",
    "\n",
    "As we can notice, there are some data points missing; mainly, we are missing 4% of the Loan Amounts, 5% of the employment information (self-employed or not), and 8% of the credit histories. To start our first analysis of the variables (by studying intercorrelations for example), we will need to fill those missing data points with approximative data, estimating what the true data could have been. However, paradoxically, we need to know more about our data to be able to fill those data points meaningfully, because if we just fill them using the averages or the modes of the columns, we might end up with a biased model based on incorrect assumptions that our missing data points were similar the means of the columns. As a compromise, we will consider missing data in our categorical variables as a special category (\"Unspecified data\") before one-hot encoding them, and remove rows with missing data in the case of the critical numerical column (i.e. the Loan Amount & the Loan Amount Term), and then add the rows back with an adapted prediction of what the value could have realistically been based on the other information we still have about the row."
   ]
  },
  {
   "cell_type": "code",
   "execution_count": 8,
   "metadata": {
    "cell_id": "00012-58d598e9-6ed7-4915-9985-2cc780e4a563",
    "deepnote_cell_type": "code",
    "execution_millis": 1,
    "execution_start": 1607456265892,
    "output_cleared": false,
    "scrolled": false,
    "source_hash": "ecdce02e",
    "tags": []
   },
   "outputs": [],
   "source": [
    "def one_hot_encoded_filled_dataset():\n",
    "    df = load_data_csv(\"loan_prediction.csv\")\n",
    "    df.set_index(\"Loan_ID\", inplace=True)\n",
    "    df[\"Gender\"] = df[\"Gender\"].fillna(\"Unspecified\")\n",
    "    df[\"Married\"] = df[\"Married\"].fillna(\"Unspecified\")\n",
    "    df[\"Dependents\"] = df[\"Dependents\"].fillna(\"Unspecified\")\n",
    "    df[\"Self_Employed\"] = df[\"Self_Employed\"].fillna(\"Unspecified\")\n",
    "    df[\"Credit_History\"] = df[\"Credit_History\"].fillna(2.0)\n",
    "    df = df.replace({\"Loan_Status\": {\"N\": \"0\", \"Y\": \"1\"}})\n",
    "    df[\"Loan_Status\"] = pd.to_numeric(df[\"Loan_Status\"])\n",
    "\n",
    "    df = pd.get_dummies(data=df, columns=[\"Gender\", \"Married\", \"Dependents\", \"Education\", \"Self_Employed\", \"Credit_History\", \"Property_Area\"])\n",
    "    col_list = list(df)\n",
    "    idx = col_list.index(\"Loan_Status\")\n",
    "    col_list[idx], col_list[-1] = col_list[-1], col_list[idx]\n",
    "\n",
    "    return df\n",
    "\n",
    "def drop_na_loan_amounts_model():\n",
    "    df = one_hot_encoded_filled_dataset()\n",
    "    df = df.dropna()\n",
    "    return df"
   ]
  },
  {
   "cell_type": "code",
   "execution_count": 11,
   "metadata": {
    "cell_id": "00013-ea6f7432-fe84-4a10-8997-9fb600e1c711",
    "deepnote_cell_type": "code",
    "execution_millis": 1081,
    "execution_start": 1607456265893,
    "output_cleared": false,
    "scrolled": false,
    "source_hash": "e400cb40",
    "tags": []
   },
   "outputs": [
    {
     "name": "stdout",
     "output_type": "stream",
     "text": [
      "ApplicantIncome                int64\n",
      "CoapplicantIncome            float64\n",
      "LoanAmount                   float64\n",
      "Loan_Amount_Term             float64\n",
      "Loan_Status                    int64\n",
      "Gender_Female                  uint8\n",
      "Gender_Male                    uint8\n",
      "Gender_Unspecified             uint8\n",
      "Married_No                     uint8\n",
      "Married_Unspecified            uint8\n",
      "Married_Yes                    uint8\n",
      "Dependents_0                   uint8\n",
      "Dependents_1                   uint8\n",
      "Dependents_2                   uint8\n",
      "Dependents_3+                  uint8\n",
      "Dependents_Unspecified         uint8\n",
      "Education_Graduate             uint8\n",
      "Education_Not Graduate         uint8\n",
      "Self_Employed_No               uint8\n",
      "Self_Employed_Unspecified      uint8\n",
      "Self_Employed_Yes              uint8\n",
      "Credit_History_0.0             uint8\n",
      "Credit_History_1.0             uint8\n",
      "Credit_History_2.0             uint8\n",
      "Property_Area_Rural            uint8\n",
      "Property_Area_Semiurban        uint8\n",
      "Property_Area_Urban            uint8\n",
      "dtype: object\n",
      "          ApplicantIncome  CoapplicantIncome  LoanAmount  Loan_Amount_Term  Loan_Status  Gender_Female  Gender_Male  Gender_Unspecified  Married_No  Married_Unspecified  Married_Yes  Dependents_0  Dependents_1  Dependents_2  Dependents_3+  Dependents_Unspecified  Education_Graduate  Education_Not Graduate  Self_Employed_No  Self_Employed_Unspecified  Self_Employed_Yes  Credit_History_0.0  Credit_History_1.0  Credit_History_2.0  Property_Area_Rural  Property_Area_Semiurban  Property_Area_Urban\n",
      "Loan_ID                                                                                                                                                                                                                                                                                                                                                                                                                                                                                                          \n",
      "LP001003             4583             1508.0       128.0             360.0            0              0            1                   0           0                    0            1             0             1             0              0                       0                   1                       0                 1                          0                  0                   0                   1                   0                    1                        0                    0\n",
      "LP001005             3000                0.0        66.0             360.0            1              0            1                   0           0                    0            1             1             0             0              0                       0                   1                       0                 0                          0                  1                   0                   1                   0                    0                        0                    1\n",
      "LP001006             2583             2358.0       120.0             360.0            1              0            1                   0           0                    0            1             1             0             0              0                       0                   0                       1                 1                          0                  0                   0                   1                   0                    0                        0                    1\n",
      "LP001008             6000                0.0       141.0             360.0            1              0            1                   0           1                    0            0             1             0             0              0                       0                   1                       0                 1                          0                  0                   0                   1                   0                    0                        0                    1\n",
      "LP001011             5417             4196.0       267.0             360.0            1              0            1                   0           0                    0            1             0             0             1              0                       0                   1                       0                 0                          0                  1                   0                   1                   0                    0                        0                    1\n",
      "...                   ...                ...         ...               ...          ...            ...          ...                 ...         ...                  ...          ...           ...           ...           ...            ...                     ...                 ...                     ...               ...                        ...                ...                 ...                 ...                 ...                  ...                      ...                  ...\n",
      "LP002978             2900                0.0        71.0             360.0            1              1            0                   0           1                    0            0             1             0             0              0                       0                   1                       0                 1                          0                  0                   0                   1                   0                    1                        0                    0\n",
      "LP002979             4106                0.0        40.0             180.0            1              0            1                   0           0                    0            1             0             0             0              1                       0                   1                       0                 1                          0                  0                   0                   1                   0                    1                        0                    0\n",
      "LP002983             8072              240.0       253.0             360.0            1              0            1                   0           0                    0            1             0             1             0              0                       0                   1                       0                 1                          0                  0                   0                   1                   0                    0                        0                    1\n",
      "LP002984             7583                0.0       187.0             360.0            1              0            1                   0           0                    0            1             0             0             1              0                       0                   1                       0                 1                          0                  0                   0                   1                   0                    0                        0                    1\n",
      "LP002990             4583                0.0       133.0             360.0            0              1            0                   0           1                    0            0             1             0             0              0                       0                   1                       0                 0                          0                  1                   1                   0                   0                    0                        1                    0\n",
      "\n",
      "[578 rows x 27 columns]\n",
      "                           ApplicantIncome  CoapplicantIncome  LoanAmount  Loan_Amount_Term  Loan_Status  Gender_Female  Gender_Male  Gender_Unspecified  Married_No  Married_Unspecified  Married_Yes  Dependents_0  Dependents_1  Dependents_2  Dependents_3+  Dependents_Unspecified  Education_Graduate  Education_Not Graduate  Self_Employed_No  Self_Employed_Unspecified  Self_Employed_Yes  Credit_History_0.0  Credit_History_1.0  Credit_History_2.0  Property_Area_Rural  Property_Area_Semiurban  Property_Area_Urban\n",
      "ApplicantIncome                   1.000000          -0.113640    0.571298         -0.047348    -0.005665      -0.059921     0.013572            0.119380   -0.048198            -0.010870     0.049425     -0.088320      0.041960     -0.035721       0.167397               -0.032377            0.130951               -0.130951         -0.125412                   0.019030           0.130920            0.027859            0.002693           -0.038371             0.010907                -0.021020             0.011351\n",
      "CoapplicantIncome                -0.113640           1.000000    0.188855         -0.059797    -0.070154      -0.077972     0.077875           -0.008865   -0.070451            -0.024894     0.073353     -0.006084     -0.027389      0.009946       0.051355               -0.032595            0.067427               -0.067427         -0.031917                   0.075954          -0.013104           -0.004364           -0.068682            0.107764             0.002323                -0.030952             0.030129\n",
      "LoanAmount                        0.571298           0.188855    1.000000          0.039447    -0.041898      -0.107545     0.063342            0.107952   -0.149821             0.008099     0.148482     -0.141100      0.062363      0.016137       0.159605               -0.023450            0.169050               -0.169050         -0.120189                   0.021308           0.123463            0.010839           -0.041954            0.049173             0.039493                -0.011200            -0.026840\n",
      "Loan_Amount_Term                 -0.047348          -0.059797    0.039447          1.000000    -0.029979       0.080176    -0.076218           -0.001408    0.096716             0.070163    -0.105125      0.105251     -0.096584     -0.012851      -0.067406                0.050895            0.067873               -0.067873          0.048067                  -0.021990          -0.040584           -0.006893            0.012656           -0.010366             0.028239                 0.063672            -0.094219\n",
      "Loan_Status                      -0.005665          -0.070154   -0.041898         -0.029979     1.000000      -0.028282     0.036977           -0.027021   -0.096014             0.038830     0.091018      0.006022     -0.046668      0.066947      -0.006374               -0.062505            0.068168               -0.068168          0.005854                   0.018385          -0.018693           -0.527071            0.410319            0.038334            -0.106231                 0.124514            -0.026600\n",
      "Gender_Female                    -0.059921          -0.077972   -0.107545          0.080176    -0.028282       1.000000    -0.930711           -0.071884    0.358012            -0.027925    -0.353758      0.159952      0.002525     -0.130728      -0.110213               -0.006293            0.057036               -0.057036         -0.027363                   0.050349          -0.001593            0.006665           -0.027197            0.032322            -0.068733                 0.107618            -0.045529\n",
      "Gender_Male                       0.013572           0.077875    0.063342         -0.076218     0.036977      -0.930711     1.000000           -0.297907   -0.328980             0.030003     0.324536     -0.150805      0.011113      0.127444       0.075704                0.014122           -0.072692                0.072692          0.043742                  -0.035173          -0.027035           -0.021615            0.037582           -0.029367             0.063911                -0.111242             0.054031\n",
      "Gender_Unspecified                0.119380          -0.008865    0.107952         -0.001408    -0.027021      -0.071884    -0.297907            1.000000   -0.037258            -0.008938     0.038273     -0.006220     -0.036895     -0.006348       0.081202               -0.022087            0.049372               -0.049372         -0.047870                  -0.035491           0.077883            0.041549           -0.031504           -0.004276             0.005104                 0.022482            -0.028515\n",
      "Married_No                       -0.048198          -0.070451   -0.149821          0.096716    -0.096014       0.358012    -0.328980           -0.037258    1.000000            -0.043026    -0.992419      0.356129     -0.114042     -0.252480      -0.140754               -0.004408            0.018553               -0.018553         -0.026101                   0.042045           0.002386            0.016156            0.021978           -0.052686             0.009824                -0.001817            -0.007690\n",
      "Married_Unspecified              -0.010870          -0.024894    0.008099          0.070163     0.038830      -0.027925     0.030003           -0.008938   -0.043026             1.000000    -0.080089     -0.066319     -0.026462     -0.026625      -0.017733                0.404689            0.030321               -0.030321          0.028086                  -0.013787          -0.023101           -0.023446            0.031427           -0.017934            -0.037878                 0.013382             0.022979\n",
      "Married_Yes                       0.049425           0.073353    0.148482         -0.105125     0.091018      -0.353758     0.324536            0.038273   -0.992419            -0.080089     1.000000     -0.347155      0.117037      0.255177       0.142614               -0.045386           -0.022241                0.022241          0.022587                  -0.040253           0.000461           -0.013235           -0.025794            0.054771            -0.005142                 0.000167             0.004846\n",
      "Dependents_0                     -0.088320          -0.006084   -0.141100          0.105251     0.006022       0.159952    -0.150805           -0.006220    0.356129            -0.066319    -0.347155      1.000000     -0.505411     -0.508538      -0.338699               -0.163875            0.048113               -0.048113          0.060952                   0.003696          -0.072079           -0.042066            0.029617            0.007726             0.065564                 0.009038            -0.073480\n",
      "Dependents_1                      0.041960          -0.027389    0.062363         -0.096584    -0.046668       0.002525     0.011113           -0.036895   -0.114042            -0.026462     0.117037     -0.505411      1.000000     -0.202911      -0.135144               -0.065388            0.003485               -0.003485         -0.072034                   0.020148           0.069181           -0.016952           -0.028086            0.062773            -0.095283                 0.002283             0.090648\n",
      "Dependents_2                     -0.035721           0.009946    0.016137         -0.012851     0.066947      -0.130728     0.127444           -0.006348   -0.252480            -0.026625     0.255177     -0.508538     -0.202911      1.000000      -0.135980               -0.065792           -0.028156                0.028156         -0.022058                  -0.001798           0.026386           -0.005295            0.030008           -0.038203            -0.016766                -0.010863             0.027741\n",
      "Dependents_3+                     0.167397           0.051355    0.159605         -0.067406    -0.006374      -0.110213     0.075704            0.081202   -0.140754            -0.017733     0.142614     -0.338699     -0.135144     -0.135980       1.000000               -0.043819           -0.030075                0.030075         -0.001843                  -0.013887           0.011172            0.044524           -0.020690           -0.024066             0.054658                 0.004049            -0.057608\n",
      "Dependents_Unspecified           -0.032377          -0.032595   -0.023450          0.050895    -0.062505      -0.006293     0.014122           -0.022087   -0.004408             0.404689    -0.045386     -0.163875     -0.065388     -0.065792      -0.043819                1.000000           -0.044376                0.044376          0.038160                  -0.034068          -0.021375            0.118682           -0.068456           -0.044315            -0.040245                -0.016705             0.056783\n",
      "Education_Graduate                0.130951           0.067427    0.169050          0.067873     0.068168       0.057036    -0.072692            0.049372    0.018553             0.030321    -0.022241      0.048113      0.003485     -0.028156      -0.030075               -0.044376            1.000000               -1.000000         -0.004376                   0.005373           0.001494           -0.055238            0.073782           -0.041865            -0.080600                 0.018334             0.059512\n",
      "Education_Not Graduate           -0.130951          -0.067427   -0.169050         -0.067873    -0.068168      -0.057036     0.072692           -0.049372   -0.018553            -0.030321     0.022241     -0.048113     -0.003485      0.028156       0.030075                0.044376           -1.000000                1.000000          0.004376                  -0.005373          -0.001494            0.055238           -0.073782            0.041865             0.080600                -0.018334            -0.059512\n",
      "Self_Employed_No                 -0.125412          -0.031917   -0.120189          0.048067     0.005854      -0.027363     0.043742           -0.047870   -0.026101             0.028086     0.022587      0.060952     -0.072034     -0.022058      -0.001843                0.038160           -0.004376                0.004376          1.000000                  -0.490895          -0.822517            0.034035            0.003267           -0.046841            -0.036377                 0.024230             0.010158\n",
